00000000010100000000000010010011
00000000000000000000000100010011
00000000000100000000000110010011
00000000001000000000001000010011
00000000001100010000001010110011
00000000001100000000000100110011
00000000010100000000000110110011
00000000000100100000001000010011
00000010000100100101000001100011
11111110000000000000011011100011
00000000000000000000000000000000
00000000000000000000000000000000
00000000000000000000000000000000
00000000000000000000000000000000
00000000000000000000000000000000
00000000000000000000000000000000
00000000000000000000000000000000
00000000000000000000000000000000
00000000000000000000000000000000
00000000000000000000000000000000
00000000000000000000000000000000
00000000000000000000000000000000
00000000000000000000000000000000
00000000000000000000000000000000
00000000000000000000000000000000
00000000000000000000000000000000
00000000000000000000000000000000
00000000000000000000000000000000
00000000000000000000000000000000
00000000000000000000000000000000
00000000000000000000000000000000
00000000000000000000000000000000
